:Data_list: 20180224_Gs_part_5m.txt
:Created: 2018 Feb 25 0011 UTC
# Prepared by the U.S. Dept. of Commerce, NOAA, Space Weather Prediction Center
# Please send comments and suggestions to SWPC.Webmaster@noaa.gov 
# 
# Label: P > 1 = Particles at >1 Mev
# Label: P > 5 = Particles at >5 Mev
# Label: P >10 = Particles at >10 Mev
# Label: P >30 = Particles at >30 Mev
# Label: P >50 = Particles at >50 Mev
# Label: P>100 = Particles at >100 Mev
# Label: E>0.8 = Electrons at >0.8 Mev
# Label: E>2.0 = Electrons at >2.0 Mev
# Label: E>4.0 = Electrons at >4.0 Mev
# Units: Particles = Protons/cm2-s-sr
# Units: Electrons = Electrons/cm2-s-sr
# Source: GOES-14
# Location: W104
# Missing data: -1.00e+05
#
#                      5-minute  GOES-14 Solar Particle and Electron Flux
#
#                 Modified Seconds
# UTC Date  Time   Julian  of the
# YR MO DA  HHMM    Day     Day     P > 1     P > 5     P >10     P >30     P >50     P>100     E>0.8     E>2.0     E>4.0
#-------------------------------------------------------------------------------------------------------------------------
2018 02 24  0000   58173      0   6.28e+00  2.03e-01  1.61e-01  9.79e-02  6.48e-02  3.03e-02  4.69e+04  6.43e+02 -1.00e+05
2018 02 24  0005   58173    300   6.04e+00  3.63e-01  3.21e-01  1.11e-01  6.77e-02  3.03e-02  4.43e+04  5.73e+02 -1.00e+05
2018 02 24  0010   58173    600   6.18e+00  2.24e-01  1.83e-01  1.19e-01  9.12e-02  3.93e-02  4.41e+04  5.38e+02 -1.00e+05
2018 02 24  0015   58173    900   1.06e+01  3.64e-01  1.66e-01  9.82e-02  6.51e-02  3.07e-02  4.11e+04  4.88e+02 -1.00e+05
2018 02 24  0020   58173   1200   6.79e+00  3.04e-01  2.63e-01  1.98e-01  1.35e-01  6.96e-02  3.84e+04  4.20e+02 -1.00e+05
2018 02 24  0025   58173   1500   3.93e+00  4.17e-01  2.25e-01  1.33e-01  8.31e-02  4.55e-02  2.24e+04  1.73e+02 -1.00e+05
2018 02 24  0030   58173   1800   3.43e+00  3.23e-01  2.82e-01  1.60e-01  1.17e-01  8.02e-02  2.23e+04  1.63e+02 -1.00e+05
2018 02 24  0035   58173   2100   3.30e+00  2.27e-01  1.86e-01  1.21e-01  6.79e-02  3.03e-02  2.88e+04  2.25e+02 -1.00e+05
2018 02 24  0040   58173   2400   3.69e+00  1.72e-01  1.31e-01  6.81e-02  5.80e-02  3.03e-02  3.43e+04  3.03e+02 -1.00e+05
2018 02 24  0045   58173   2700   6.52e+00  6.22e-01  4.28e-01  1.26e-01  6.80e-02  3.03e-02  3.67e+04  3.54e+02 -1.00e+05
2018 02 24  0050   58173   3000   4.58e+00  2.08e-01  1.66e-01  7.17e-02  5.89e-02  3.03e-02  3.94e+04  3.82e+02 -1.00e+05
2018 02 24  0055   58173   3300   5.20e+00  3.51e-01  3.10e-01  1.11e-01  6.77e-02  3.03e-02  4.16e+04  4.30e+02 -1.00e+05
2018 02 24  0100   58173   3600   6.69e+00  3.37e-01  1.39e-01  7.17e-02  5.89e-02  3.03e-02  3.45e+04  2.96e+02 -1.00e+05
2018 02 24  0105   58173   3900   3.04e+00  2.13e-01  1.71e-01  1.09e-01  9.85e-02  4.33e-02  2.45e+04  1.62e+02 -1.00e+05
2018 02 24  0110   58173   4200   2.59e+00  2.21e-01  1.80e-01  1.15e-01  6.78e-02  3.03e-02  2.14e+04  1.13e+02 -1.00e+05
2018 02 24  0115   58173   4500   2.66e+00  2.81e-01  2.40e-01  8.24e-02  5.92e-02  2.91e-02  2.36e+04  1.30e+02 -1.00e+05
2018 02 24  0120   58173   4800   2.52e+00  1.86e-01  1.44e-01  8.42e-02  7.42e-02  4.78e-02  2.03e+04  1.15e+02 -1.00e+05
2018 02 24  0125   58173   5100   2.76e+00  1.77e-01  1.36e-01  7.58e-02  5.77e-02  2.91e-02  2.15e+04  1.25e+02 -1.00e+05
2018 02 24  0130   58173   5400   4.85e+00  4.64e-01  2.69e-01  1.71e-01  1.08e-01  7.26e-02  2.50e+04  1.50e+02 -1.00e+05
2018 02 24  0135   58173   5700   2.99e+00  2.68e-01  2.27e-01  1.66e-01  1.25e-01  9.00e-02  2.43e+04  1.70e+02 -1.00e+05
2018 02 24  0140   58173   6000   3.06e+00  2.37e-01  1.95e-01  1.34e-01  9.57e-02  3.94e-02  2.29e+04  1.36e+02 -1.00e+05
2018 02 24  0145   58173   6300   4.30e+00  2.94e-01  1.45e-01  6.54e-02  5.54e-02  2.91e-02  2.12e+04  1.19e+02 -1.00e+05
2018 02 24  0150   58173   6600   4.78e+00  3.63e-01  2.13e-01  1.31e-01  6.46e-02  2.91e-02  1.99e+04  1.12e+02 -1.00e+05
2018 02 24  0155   58173   6900   3.41e+00  3.89e-01  3.47e-01  1.30e-01  1.20e-01  9.40e-02  1.76e+04  8.71e+01 -1.00e+05
2018 02 24  0200   58173   7200   3.32e+00  2.85e-01  2.33e-01  7.58e-02  5.77e-02  2.91e-02  1.64e+04  8.08e+01 -1.00e+05
2018 02 24  0205   58173   7500   3.83e+00  3.52e-01  3.00e-01  6.54e-02  5.54e-02  2.91e-02  2.08e+04  1.25e+02 -1.00e+05
2018 02 24  0210   58173   7800   4.26e+00  2.23e-01  1.76e-01  1.15e-01  9.70e-02  3.05e-02  2.55e+04  1.97e+02 -1.00e+05
2018 02 24  0215   58173   8100   5.06e+00  2.24e-01  1.72e-01  1.09e-01  6.51e-02  2.91e-02  3.45e+04  3.22e+02 -1.00e+05
2018 02 24  0220   58173   8400   4.95e+00  2.33e-01  1.91e-01  1.30e-01  8.08e-02  4.54e-02  3.63e+04  3.43e+02 -1.00e+05
2018 02 24  0225   58173   8700   5.21e+00  2.62e-01  2.10e-01  1.29e-01  6.46e-02  2.91e-02  3.57e+04  3.31e+02 -1.00e+05
2018 02 24  0230   58173   9000   6.99e+00  3.73e-01  1.75e-01  7.03e-02  5.76e-02  3.05e-02  3.69e+04  3.38e+02 -1.00e+05
2018 02 24  0235   58173   9300   3.89e+00  3.91e-01  3.50e-01  1.25e-01  1.01e-01  7.01e-02  3.14e+04  2.38e+02 -1.00e+05
2018 02 24  0240   58173   9600   3.03e+00  1.67e-01  1.25e-01  6.54e-02  5.54e-02  2.91e-02  1.74e+04  9.55e+01 -1.00e+05
2018 02 24  0245   58173   9900   2.96e+00  2.08e-01  1.66e-01  8.89e-02  6.07e-02  2.91e-02  1.82e+04  8.14e+01 -1.00e+05
2018 02 24  0250   58173  10200   3.08e+00  2.18e-01  1.77e-01  1.15e-01  6.66e-02  2.91e-02  1.53e+04  6.51e+01 -1.00e+05
2018 02 24  0255   58173  10500   5.26e+00  3.27e-01  1.29e-01  6.54e-02  5.54e-02  2.91e-02  1.73e+04  7.70e+01 -1.00e+05
2018 02 24  0300   58173  10800   3.02e+00  2.18e-01  1.76e-01  1.16e-01  1.06e-01  4.54e-02  2.56e+04  1.53e+02 -1.00e+05
2018 02 24  0305   58173  11100   3.25e+00  1.87e-01  1.46e-01  6.92e-02  5.63e-02  2.91e-02  2.38e+04  1.43e+02 -1.00e+05
2018 02 24  0310   58173  11400   4.15e+00  2.90e-01  1.89e-01  1.16e-01  6.46e-02  2.91e-02  2.27e+04  1.24e+02 -1.00e+05
2018 02 24  0315   58173  11700   3.41e+00  2.24e-01  1.83e-01  1.22e-01  7.49e-02  3.79e-02  2.92e+04  1.97e+02 -1.00e+05
2018 02 24  0320   58173  12000   3.40e+00  2.96e-01  2.54e-01  1.92e-01  1.15e-01  4.14e-02  3.19e+04  2.46e+02 -1.00e+05
2018 02 24  0325   58173  12300   5.96e+00  4.25e-01  2.37e-01  1.71e-01  9.89e-02  3.74e-02  3.40e+04  2.80e+02 -1.00e+05
2018 02 24  0330   58173  12600   3.44e+00  2.72e-01  2.31e-01  1.71e-01  1.53e-01  5.95e-02  3.53e+04  2.92e+02 -1.00e+05
2018 02 24  0335   58173  12900   3.74e+00  2.40e-01  1.88e-01  1.24e-01  6.46e-02  2.91e-02  3.78e+04  3.34e+02 -1.00e+05
2018 02 24  0340   58173  13200   5.24e+00  5.13e-01  3.12e-01  1.27e-01  1.04e-01  4.34e-02  4.11e+04  4.09e+02 -1.00e+05
2018 02 24  0345   58173  13500   3.28e+00  4.00e-01  3.59e-01  1.24e-01  6.46e-02  2.91e-02  3.85e+04  3.55e+02 -1.00e+05
2018 02 24  0350   58173  13800   2.74e+00  2.18e-01  1.76e-01  1.15e-01  6.46e-02  2.91e-02  3.15e+04  2.37e+02 -1.00e+05
2018 02 24  0355   58173  14100   2.89e+00  2.43e-01  2.02e-01  1.40e-01  8.92e-02  4.74e-02  3.18e+04  2.42e+02 -1.00e+05
2018 02 24  0400   58173  14400   2.79e+00  2.18e-01  1.76e-01  1.15e-01  6.46e-02  2.91e-02  3.71e+04  3.44e+02 -1.00e+05
2018 02 24  0405   58173  14700   4.40e+00  4.40e-01  2.91e-01  9.55e-02  6.22e-02  2.91e-02  3.70e+04  3.65e+02 -1.00e+05
2018 02 24  0410   58173  15000   3.16e+00  1.93e-01  1.51e-01  9.12e-02  8.12e-02  3.74e-02  3.76e+04  3.61e+02 -1.00e+05
2018 02 24  0415   58173  15300   3.32e+00  4.69e-01  4.28e-01  1.24e-01  6.46e-02  2.91e-02  3.31e+04  2.87e+02 -1.00e+05
2018 02 24  0420   58173  15600   4.76e+00  7.74e-01  4.82e-01  1.37e-01  8.20e-02  3.33e-02  3.20e+04  2.57e+02 -1.00e+05
2018 02 24  0425   58173  15900   3.59e+00  3.37e-01  2.39e-01  1.56e-01  9.58e-02  6.02e-02  3.13e+04  2.57e+02 -1.00e+05
2018 02 24  0430   58173  16200   2.45e+00  1.94e-01  1.53e-01  7.58e-02  5.77e-02  2.91e-02  2.97e+04  2.38e+02 -1.00e+05
2018 02 24  0435   58173  16500   4.04e+00  3.74e-01  1.29e-01  6.54e-02  5.54e-02  2.91e-02  2.46e+04  1.70e+02 -1.00e+05
2018 02 24  0440   58173  16800   3.55e+00  3.32e-01  1.60e-01  9.66e-02  8.66e-02  6.02e-02  2.36e+04  1.62e+02 -1.00e+05
2018 02 24  0445   58173  17100   1.80e+00  3.18e-01  2.77e-01  2.15e-01  1.45e-01  8.72e-02  2.52e+04  1.83e+02 -1.00e+05
2018 02 24  0450   58173  17400   1.90e+00  2.80e-01  2.39e-01  1.76e-01  9.91e-02  3.74e-02  2.20e+04  1.55e+02 -1.00e+05
2018 02 24  0455   58173  17700   1.30e+00  2.45e-01  1.93e-01  1.13e-01  6.45e-02  2.91e-02  2.01e+04  1.41e+02 -1.00e+05
2018 02 24  0500   58173  18000   1.76e+00  3.47e-01  3.06e-01  2.43e-01  1.48e-01  4.95e-02  2.07e+04  1.45e+02 -1.00e+05
2018 02 24  0505   58173  18300   1.67e+00  3.94e-01  2.93e-01  1.25e-01  6.46e-02  2.91e-02  1.96e+04  1.38e+02 -1.00e+05
2018 02 24  0510   58173  18600   2.40e+00  3.60e-01  2.17e-01  1.39e-01  1.26e-01  5.15e-02  1.97e+04  1.33e+02 -1.00e+05
2018 02 24  0515   58173  18900   1.25e+00  2.28e-01  1.86e-01  1.24e-01  6.46e-02  2.91e-02  2.08e+04  1.56e+02 -1.00e+05
2018 02 24  0520   58173  19200   3.33e+00  5.29e-01  1.39e-01  7.58e-02  5.77e-02  2.91e-02  1.96e+04  1.42e+02 -1.00e+05
2018 02 24  0525   58173  19500   1.39e+00  1.84e-01  1.43e-01  8.24e-02  5.92e-02  2.91e-02  2.08e+04  1.57e+02 -1.00e+05
2018 02 24  0530   58173  19800   2.04e+00  3.55e-01  2.06e-01  1.24e-01  6.46e-02  2.91e-02  2.15e+04  1.63e+02 -1.00e+05
2018 02 24  0535   58173  20100   1.62e+00  3.05e-01  2.05e-01  1.33e-01  8.33e-02  4.54e-02  2.20e+04  1.61e+02 -1.00e+05
2018 02 24  0540   58173  20400   1.65e+00  3.10e-01  2.68e-01  2.08e-01  1.90e-01  7.16e-02  2.26e+04  1.67e+02 -1.00e+05
2018 02 24  0545   58173  20700   1.26e+00  2.21e-01  1.79e-01  6.54e-02  5.54e-02  2.91e-02  2.21e+04  1.64e+02 -1.00e+05
2018 02 24  0550   58173  21000   1.16e+00  2.39e-01  1.97e-01  1.35e-01  8.34e-02  4.78e-02  2.15e+04  1.47e+02 -1.00e+05
2018 02 24  0555   58173  21300   1.45e+00  2.57e-01  2.16e-01  1.54e-01  9.04e-02  3.54e-02  2.35e+04  1.80e+02 -1.00e+05
2018 02 24  0600   58173  21600   1.58e+00  2.54e-01  2.13e-01  1.52e-01  1.20e-01  5.22e-02  2.48e+04  1.93e+02 -1.00e+05
2018 02 24  0605   58173  21900   2.45e+00  3.60e-01  1.87e-01  1.21e-01  6.46e-02  2.91e-02  2.46e+04  1.97e+02 -1.00e+05
2018 02 24  0610   58173  22200   1.49e+00  2.68e-01  2.27e-01  1.66e-01  1.25e-01  9.00e-02  2.39e+04  1.83e+02 -1.00e+05
2018 02 24  0615   58173  22500   1.25e+00  3.22e-01  2.81e-01  2.07e-01  1.31e-01  4.54e-02  2.33e+04  1.93e+02 -1.00e+05
2018 02 24  0620   58173  22800   1.42e+00  2.16e-01  1.74e-01  1.13e-01  6.45e-02  2.91e-02  2.26e+04  1.76e+02 -1.00e+05
2018 02 24  0625   58173  23100   1.17e+00  2.26e-01  1.85e-01  1.22e-01  6.46e-02  2.91e-02  2.19e+04  1.66e+02 -1.00e+05
2018 02 24  0630   58173  23400   2.18e+00  5.60e-01  3.03e-01  1.22e-01  6.46e-02  2.91e-02  2.04e+04  1.62e+02 -1.00e+05
2018 02 24  0635   58173  23700   1.48e+00  3.82e-01  1.85e-01  9.55e-02  6.22e-02  2.91e-02  2.00e+04  1.64e+02 -1.00e+05
2018 02 24  0640   58173  24000   1.89e+00  3.97e-01  1.99e-01  1.32e-01  6.45e-02  2.91e-02  2.14e+04  1.45e+02 -1.00e+05
2018 02 24  0645   58173  24300   1.02e+00  2.32e-01  1.91e-01  1.13e-01  6.45e-02  2.91e-02  2.00e+04  1.48e+02 -1.00e+05
2018 02 24  0650   58173  24600   9.77e-01  2.18e-01  1.76e-01  1.15e-01  6.46e-02  2.91e-02  1.84e+04  1.40e+02 -1.00e+05
2018 02 24  0655   58173  24900   9.22e-01  2.83e-01  2.42e-01  1.28e-01  8.94e-02  3.74e-02  1.80e+04  1.39e+02 -1.00e+05
2018 02 24  0700   58173  25200   1.10e+00  3.76e-01  3.34e-01  1.25e-01  7.95e-02  4.29e-02  1.86e+04  1.34e+02 -1.00e+05
2018 02 24  0705   58173  25500   1.81e+00  3.45e-01  1.46e-01  8.24e-02  5.92e-02  2.91e-02  1.82e+04  1.27e+02 -1.00e+05
2018 02 24  0710   58173  25800   1.04e+00  2.98e-01  2.56e-01  1.95e-01  1.56e-01  7.32e-02  1.78e+04  1.28e+02 -1.00e+05
2018 02 24  0715   58173  26100   1.32e+00  3.88e-01  2.02e-01  1.16e-01  6.46e-02  2.91e-02  1.83e+04  1.30e+02 -1.00e+05
2018 02 24  0720   58173  26400   1.02e+00  2.33e-01  1.81e-01  1.18e-01  7.03e-02  3.30e-02  1.86e+04  1.29e+02 -1.00e+05
2018 02 24  0725   58173  26700   1.09e+00  4.31e-01  3.89e-01  3.26e-01  2.05e-01  7.38e-02  1.78e+04  1.15e+02 -1.00e+05
2018 02 24  0730   58173  27000   1.02e+00  3.50e-01  3.09e-01  2.46e-01  1.55e-01  5.15e-02  1.74e+04  1.21e+02 -1.00e+05
2018 02 24  0735   58173  27300   1.23e+00  3.73e-01  1.60e-01  7.58e-02  5.77e-02  2.91e-02  1.71e+04  1.14e+02 -1.00e+05
2018 02 24  0740   58173  27600   1.81e+00  4.29e-01  2.08e-01  1.42e-01  9.08e-02  5.53e-02  1.73e+04  1.19e+02 -1.00e+05
2018 02 24  0745   58173  27900   1.32e+00  2.37e-01  1.36e-01  6.54e-02  5.54e-02  2.91e-02  2.19e+04  1.45e+02 -1.00e+05
2018 02 24  0750   58173  28200   1.35e+00  3.42e-01  3.01e-01  1.57e-01  1.21e-01  8.75e-02  2.46e+04  1.72e+02 -1.00e+05
2018 02 24  0755   58173  28500   1.19e+00  2.31e-01  1.90e-01  1.29e-01  8.42e-02  4.78e-02  2.57e+04  1.84e+02 -1.00e+05
2018 02 24  0800   58173  28800   1.50e+00  2.55e-01  2.13e-01  1.51e-01  9.03e-02  3.54e-02  2.80e+04  2.19e+02 -1.00e+05
2018 02 24  0805   58173  29100   1.19e+00  2.33e-01  1.92e-01  1.32e-01  1.22e-01  6.15e-02  2.96e+04  2.41e+02 -1.00e+05
2018 02 24  0810   58173  29400   1.40e+00  3.43e-01  3.01e-01  2.38e-01  1.40e-01  4.74e-02  3.06e+04  2.58e+02 -1.00e+05
2018 02 24  0815   58173  29700   1.51e+00  1.98e-01  1.56e-01  9.55e-02  6.22e-02  2.91e-02  2.92e+04  2.35e+02 -1.00e+05
2018 02 24  0820   58173  30000   1.97e+00  4.13e-01  2.16e-01  1.26e-01  7.10e-02  3.55e-02  2.94e+04  2.41e+02 -1.00e+05
2018 02 24  0825   58173  30300   1.28e+00  2.05e-01  1.64e-01  1.03e-01  6.50e-02  3.05e-02  3.06e+04  2.57e+02 -1.00e+05
2018 02 24  0830   58173  30600   1.77e+00  2.25e-01  1.84e-01  1.23e-01  9.05e-02  5.78e-02  3.07e+04  2.67e+02 -1.00e+05
2018 02 24  0835   58173  30900   2.73e+00  2.18e-01  1.77e-01  1.17e-01  1.07e-01  4.83e-02  3.19e+04  2.85e+02 -1.00e+05
2018 02 24  0840   58173  31200   2.73e+00  2.40e-01  1.89e-01  1.09e-01  6.51e-02  2.91e-02  3.20e+04  2.89e+02 -1.00e+05
2018 02 24  0845   58173  31500   4.18e+00  3.84e-01  1.81e-01  1.17e-01  1.07e-01  4.83e-02  3.31e+04  3.08e+02 -1.00e+05
2018 02 24  0850   58173  31800   2.00e+00  3.10e-01  2.69e-01  1.13e-01  6.45e-02  2.91e-02  3.42e+04  3.31e+02 -1.00e+05
2018 02 24  0855   58173  32100   2.81e+00  3.12e-01  1.68e-01  8.93e-02  6.62e-02  3.13e-02  3.61e+04  3.69e+02 -1.00e+05
2018 02 24  0900   58173  32400   2.54e+00  2.93e-01  1.92e-01  1.20e-01  6.46e-02  2.91e-02  3.71e+04  3.85e+02 -1.00e+05
2018 02 24  0905   58173  32700   1.94e+00  2.06e-01  1.54e-01  6.54e-02  5.54e-02  2.91e-02  3.74e+04  4.01e+02 -1.00e+05
2018 02 24  0910   58173  33000   2.32e+00  2.38e-01  1.58e-01  9.12e-02  8.12e-02  3.74e-02  3.72e+04  4.08e+02 -1.00e+05
2018 02 24  0915   58173  33300   3.09e+00  4.30e-01  2.53e-01  1.66e-01  9.86e-02  3.74e-02  3.56e+04  3.83e+02 -1.00e+05
2018 02 24  0920   58173  33600   1.93e+00  2.34e-01  1.93e-01  1.15e-01  6.46e-02  2.91e-02  3.38e+04  3.53e+02 -1.00e+05
2018 02 24  0925   58173  33900   1.74e+00  2.50e-01  2.08e-01  1.46e-01  8.23e-02  3.33e-02  3.19e+04  3.33e+02 -1.00e+05
2018 02 24  0930   58173  34200   1.97e+00  2.63e-01  2.21e-01  1.60e-01  1.11e-01  4.34e-02  3.21e+04  3.58e+02 -1.00e+05
2018 02 24  0935   58173  34500   1.82e+00  2.58e-01  2.17e-01  1.48e-01  7.41e-02  3.13e-02  3.03e+04  3.21e+02 -1.00e+05
2018 02 24  0940   58173  34800   1.78e+00  2.98e-01  2.56e-01  9.62e-02  6.29e-02  2.93e-02  3.13e+04  3.44e+02 -1.00e+05
2018 02 24  0945   58173  35100   2.21e+00  3.65e-01  3.24e-01  2.61e-01  1.64e-01  5.35e-02  3.13e+04  3.57e+02 -1.00e+05
2018 02 24  0950   58173  35400   1.94e+00  2.48e-01  2.06e-01  1.44e-01  8.23e-02  3.33e-02  3.13e+04  3.63e+02 -1.00e+05
2018 02 24  0955   58173  35700   1.54e+00  1.67e-01  1.25e-01  6.54e-02  5.54e-02  2.91e-02  3.09e+04  3.65e+02 -1.00e+05
2018 02 24  1000   58173  36000   2.63e+00  3.62e-01  1.78e-01  1.14e-01  9.66e-02  4.43e-02  3.00e+04  3.49e+02 -1.00e+05
2018 02 24  1005   58173  36300   1.74e+00  3.21e-01  2.79e-01  1.25e-01  7.34e-02  3.79e-02  2.94e+04  3.43e+02 -1.00e+05
2018 02 24  1010   58173  36600   1.66e+00  2.11e-01  1.70e-01  1.09e-01  6.51e-02  2.91e-02  3.01e+04  3.68e+02 -1.00e+05
2018 02 24  1015   58173  36900   1.57e+00  2.13e-01  1.71e-01  1.10e-01  7.43e-02  4.04e-02  3.13e+04  3.69e+02 -1.00e+05
2018 02 24  1020   58173  37200   1.81e+00  3.10e-01  2.69e-01  1.13e-01  6.45e-02  2.91e-02  3.28e+04  3.90e+02 -1.00e+05
2018 02 24  1025   58173  37500   2.43e+00  3.39e-01  1.89e-01  1.09e-01  6.51e-02  2.91e-02  3.22e+04  3.92e+02 -1.00e+05
2018 02 24  1030   58173  37800   1.50e+00  2.04e-01  1.62e-01  6.54e-02  5.54e-02  2.91e-02  3.25e+04  3.91e+02 -1.00e+05
2018 02 24  1035   58173  38100   2.39e+00  3.31e-01  1.58e-01  9.35e-02  6.67e-02  3.55e-02  3.22e+04  4.05e+02 -1.00e+05
2018 02 24  1040   58173  38400   1.67e+00  2.44e-01  2.02e-01  1.41e-01  9.08e-02  5.53e-02  3.38e+04  4.12e+02 -1.00e+05
2018 02 24  1045   58173  38700   2.75e+00  4.11e-01  2.17e-01  1.30e-01  1.20e-01  9.37e-02  3.32e+04  4.12e+02 -1.00e+05
2018 02 24  1050   58173  39000   2.49e+00  3.79e-01  2.18e-01  1.54e-01  1.44e-01  5.75e-02  3.44e+04  4.24e+02 -1.00e+05
2018 02 24  1055   58173  39300   1.92e+00  2.36e-01  1.84e-01  1.20e-01  6.46e-02  2.91e-02  3.60e+04  4.54e+02 -1.00e+05
2018 02 24  1100   58173  39600   1.87e+00  2.41e-01  2.00e-01  1.37e-01  7.35e-02  3.79e-02  3.58e+04  4.70e+02 -1.00e+05
2018 02 24  1105   58173  39900   1.99e+00  3.57e-01  3.16e-01  8.24e-02  5.92e-02  2.91e-02  3.48e+04  4.63e+02 -1.00e+05
2018 02 24  1110   58173  40200   2.94e+00  3.90e-01  2.41e-01  1.43e-01  7.08e-02  3.55e-02  3.59e+04  4.75e+02 -1.00e+05
2018 02 24  1115   58173  40500   2.06e+00  1.67e-01  1.26e-01  6.62e-02  5.61e-02  2.93e-02  3.58e+04  4.92e+02 -1.00e+05
2018 02 24  1120   58173  40800   2.19e+00  3.18e-01  2.77e-01  2.14e-01  1.31e-01  4.54e-02  3.68e+04  5.01e+02 -1.00e+05
2018 02 24  1125   58173  41100   2.48e+00  4.26e-01  3.84e-01  1.16e-01  6.46e-02  2.91e-02  3.50e+04  5.09e+02 -1.00e+05
2018 02 24  1130   58173  41400   2.07e+00  2.30e-01  1.89e-01  1.26e-01  6.46e-02  2.91e-02  3.50e+04  5.17e+02 -1.00e+05
2018 02 24  1135   58173  41700   2.44e+00  3.50e-01  3.09e-01  7.58e-02  5.77e-02  2.91e-02  3.52e+04  5.01e+02 -1.00e+05
2018 02 24  1140   58173  42000   2.42e+00  2.35e-01  1.93e-01  1.31e-01  7.39e-02  3.13e-02  3.44e+04  5.14e+02 -1.00e+05
2018 02 24  1145   58173  42300   2.53e+00  2.23e-01  1.82e-01  1.20e-01  6.46e-02  2.91e-02  3.45e+04  5.25e+02 -1.00e+05
2018 02 24  1150   58173  42600   4.72e+00  6.76e-01  3.01e-01  1.20e-01  6.46e-02  2.91e-02  3.56e+04  5.45e+02 -1.00e+05
2018 02 24  1155   58173  42900   2.42e+00  3.70e-01  3.29e-01  9.55e-02  6.22e-02  2.91e-02  3.56e+04  5.43e+02 -1.00e+05
2018 02 24  1200   58173  43200   4.40e+00  7.77e-01  4.40e-01  1.14e-01  6.84e-02  3.30e-02  3.68e+04  5.71e+02 -1.00e+05
2018 02 24  1205   58173  43500   3.58e+00  4.68e-01  2.44e-01  6.54e-02  5.54e-02  2.91e-02  3.80e+04  6.05e+02 -1.00e+05
2018 02 24  1210   58173  43800   1.96e+00  2.49e-01  2.07e-01  1.46e-01  1.13e-01  4.54e-02  4.02e+04  6.14e+02 -1.00e+05
2018 02 24  1215   58173  44100   1.81e+00  1.83e-01  1.31e-01  6.92e-02  5.63e-02  2.91e-02  4.08e+04  6.11e+02 -1.00e+05
2018 02 24  1220   58173  44400   1.89e+00  2.75e-01  2.34e-01  1.71e-01  9.09e-02  3.54e-02  4.16e+04  6.22e+02 -1.00e+05
2018 02 24  1225   58173  44700   1.85e+00  2.67e-01  2.26e-01  1.64e-01  1.06e-01  4.78e-02  4.04e+04  6.35e+02 -1.00e+05
2018 02 24  1230   58173  45000   1.76e+00  2.95e-01  2.54e-01  1.91e-01  1.22e-01  6.10e-02  3.85e+04  6.17e+02 -1.00e+05
2018 02 24  1235   58173  45300   2.22e+00  2.02e-01  1.51e-01  8.87e-02  6.75e-02  3.79e-02  3.75e+04  6.00e+02 -1.00e+05
2018 02 24  1240   58173  45600   2.11e+00  1.98e-01  1.57e-01  9.66e-02  8.66e-02  6.02e-02  3.56e+04  5.68e+02 -1.00e+05
2018 02 24  1245   58173  45900   2.06e+00  2.23e-01  1.82e-01  1.20e-01  6.46e-02  2.91e-02  3.62e+04  5.76e+02 -1.00e+05
2018 02 24  1250   58173  46200   2.38e+00  1.78e-01  1.37e-01  7.68e-02  6.68e-02  4.04e-02  3.81e+04  6.09e+02 -1.00e+05
2018 02 24  1255   58173  46500   2.12e+00  2.37e-01  1.96e-01  1.34e-01  9.09e-02  3.74e-02  3.91e+04  6.24e+02 -1.00e+05
2018 02 24  1300   58173  46800   2.82e+00  4.66e-01  4.25e-01  1.21e-01  6.46e-02  2.91e-02  3.78e+04  6.29e+02 -1.00e+05
2018 02 24  1305   58173  47100   2.39e+00  1.91e-01  1.50e-01  8.89e-02  6.07e-02  2.91e-02  3.88e+04  6.35e+02 -1.00e+05
2018 02 24  1310   58173  47400   2.81e+00  3.52e-01  3.00e-01  6.54e-02  5.54e-02  2.91e-02  3.96e+04  6.52e+02 -1.00e+05
2018 02 24  1315   58173  47700   2.46e+00  2.26e-01  1.85e-01  1.22e-01  6.46e-02  2.91e-02  3.96e+04  6.58e+02 -1.00e+05
2018 02 24  1320   58173  48000   2.45e+00  2.74e-01  2.33e-01  1.71e-01  1.06e-01  3.94e-02  3.97e+04  6.76e+02 -1.00e+05
2018 02 24  1325   58173  48300   2.43e+00  2.34e-01  1.82e-01  1.02e-01  6.36e-02  2.91e-02  4.15e+04  7.10e+02 -1.00e+05
2018 02 24  1330   58173  48600   2.73e+00  2.36e-01  1.95e-01  1.33e-01  8.33e-02  4.54e-02  4.27e+04  7.55e+02 -1.00e+05
2018 02 24  1335   58173  48900   2.52e+00  2.40e-01  1.93e-01  1.31e-01  8.13e-02  3.99e-02  4.39e+04  7.77e+02 -1.00e+05
2018 02 24  1340   58173  49200   2.31e+00  2.43e-01  1.91e-01  1.11e-01  6.45e-02  2.91e-02  4.40e+04  7.91e+02 -1.00e+05
2018 02 24  1345   58173  49500   2.85e+00  2.82e-01  1.82e-01  6.54e-02  5.54e-02  2.91e-02  4.39e+04  8.03e+02 -1.00e+05
2018 02 24  1350   58173  49800   2.64e+00  1.97e-01  1.45e-01  8.24e-02  5.92e-02  2.91e-02  4.42e+04  8.33e+02 -1.00e+05
2018 02 24  1355   58173  50100   2.76e+00  2.00e-01  1.49e-01  8.76e-02  7.30e-02  4.54e-02  4.66e+04  8.89e+02 -1.00e+05
2018 02 24  1400   58173  50400   3.74e+00  4.84e-01  3.35e-01  1.18e-01  7.03e-02  3.30e-02  4.66e+04  9.09e+02 -1.00e+05
2018 02 24  1405   58173  50700   2.38e+00  2.50e-01  2.08e-01  1.46e-01  8.23e-02  3.33e-02  4.66e+04  9.11e+02 -1.00e+05
2018 02 24  1410   58173  51000   2.29e+00  2.11e-01  1.70e-01  1.09e-01  6.51e-02  2.91e-02  4.75e+04  9.48e+02 -1.00e+05
2018 02 24  1415   58173  51300   2.45e+00  2.58e-01  2.07e-01  1.29e-01  7.84e-02  4.29e-02  4.93e+04  9.69e+02 -1.00e+05
2018 02 24  1420   58173  51600   2.42e+00  1.91e-01  1.50e-01  8.89e-02  6.07e-02  2.91e-02  4.96e+04  1.03e+03 -1.00e+05
2018 02 24  1425   58173  51900   2.71e+00  3.30e-01  2.88e-01  1.35e-01  8.34e-02  4.78e-02  5.01e+04  1.05e+03 -1.00e+05
2018 02 24  1430   58173  52200   2.86e+00  5.16e-01  4.75e-01  1.52e-01  9.08e-02  5.53e-02  5.12e+04  1.06e+03 -1.00e+05
2018 02 24  1435   58173  52500   3.02e+00  2.10e-01  1.58e-01  9.55e-02  6.22e-02  2.91e-02  5.19e+04  1.12e+03 -1.00e+05
2018 02 24  1440   58173  52800   2.91e+00  2.25e-01  1.83e-01  1.21e-01  6.46e-02  2.91e-02  5.21e+04  1.15e+03 -1.00e+05
2018 02 24  1445   58173  53100   3.12e+00  4.06e-01  3.64e-01  1.33e-01  8.33e-02  4.54e-02  5.30e+04  1.17e+03 -1.00e+05
2018 02 24  1450   58173  53400   3.01e+00  4.12e-01  3.70e-01  1.72e-01  1.33e-01  5.15e-02  5.46e+04  1.22e+03 -1.00e+05
2018 02 24  1455   58173  53700   3.25e+00  2.69e-01  2.28e-01  8.24e-02  5.92e-02  2.91e-02  5.46e+04  1.23e+03 -1.00e+05
2018 02 24  1500   58173  54000   2.82e+00  2.05e-01  1.63e-01  1.02e-01  6.92e-02  3.13e-02  5.51e+04  1.27e+03 -1.00e+05
2018 02 24  1505   58173  54300   2.41e+00  1.89e-01  1.48e-01  8.81e-02  7.80e-02  4.74e-02  5.72e+04  1.27e+03 -1.00e+05
2018 02 24  1510   58173  54600   4.43e+00  4.03e-01  2.05e-01  1.15e-01  6.46e-02  2.91e-02  5.73e+04  1.30e+03 -1.00e+05
2018 02 24  1515   58173  54900   3.92e+00  3.44e-01  2.65e-01  1.97e-01  1.54e-01  5.75e-02  5.73e+04  1.36e+03 -1.00e+05
2018 02 24  1520   58173  55200   2.98e+00  2.11e-01  1.70e-01  1.09e-01  6.51e-02  2.91e-02  5.73e+04  1.36e+03 -1.00e+05
2018 02 24  1525   58173  55500   2.72e+00  2.03e-01  1.62e-01  1.02e-01  9.20e-02  5.69e-02  5.73e+04  1.36e+03 -1.00e+05
2018 02 24  1530   58173  55800   2.99e+00  2.97e-01  2.56e-01  9.55e-02  6.22e-02  2.91e-02  5.73e+04  1.34e+03 -1.00e+05
2018 02 24  1535   58173  56100   2.83e+00  1.77e-01  1.36e-01  7.58e-02  5.77e-02  2.91e-02  5.77e+04  1.35e+03 -1.00e+05
2018 02 24  1540   58173  56400   3.90e+00  3.48e-01  2.01e-01  1.22e-01  9.60e-02  6.52e-02  5.90e+04  1.42e+03 -1.00e+05
2018 02 24  1545   58173  56700   3.60e+00  1.99e-01  1.57e-01  9.75e-02  8.75e-02  3.94e-02  5.99e+04  1.47e+03 -1.00e+05
2018 02 24  1550   58173  57000   3.37e+00  3.16e-01  2.75e-01  1.18e-01  6.46e-02  2.91e-02  5.99e+04  1.49e+03 -1.00e+05
2018 02 24  1555   58173  57300   3.35e+00  1.81e-01  1.39e-01  7.92e-02  6.92e-02  4.29e-02  5.99e+04  1.47e+03 -1.00e+05
2018 02 24  1600   58173  57600   5.53e+00  7.49e-01  4.05e-01  1.15e-01  6.46e-02  2.91e-02  5.99e+04  1.39e+03 -1.00e+05
2018 02 24  1605   58173  57900   2.66e+00  3.00e-01  2.58e-01  1.16e-01  8.91e-02  5.78e-02  5.99e+04  1.40e+03 -1.00e+05
2018 02 24  1610   58173  58200   3.35e+00  2.50e-01  1.98e-01  1.18e-01  6.60e-02  3.05e-02  5.99e+04  1.46e+03 -1.00e+05
2018 02 24  1615   58173  58500   3.36e+00  2.65e-01  2.24e-01  1.64e-01  1.54e-01  7.34e-02  6.15e+04  1.56e+03 -1.00e+05
2018 02 24  1620   58173  58800   3.70e+00  3.95e-01  3.43e-01  1.11e-01  6.45e-02  2.91e-02  6.25e+04  1.59e+03 -1.00e+05
2018 02 24  1625   58173  59100   3.15e+00  1.84e-01  1.43e-01  8.24e-02  5.92e-02  2.91e-02  6.21e+04  1.58e+03 -1.00e+05
2018 02 24  1630   58173  59400   3.54e+00  2.62e-01  2.20e-01  6.54e-02  5.54e-02  2.91e-02  6.26e+04  1.61e+03 -1.00e+05
2018 02 24  1635   58173  59700   3.58e+00  2.28e-01  1.87e-01  1.24e-01  6.56e-02  2.93e-02  6.26e+04  1.66e+03 -1.00e+05
2018 02 24  1640   58173  60000   3.54e+00  3.00e-01  2.59e-01  1.97e-01  1.49e-01  5.55e-02  6.26e+04  1.66e+03 -1.00e+05
2018 02 24  1645   58173  60300   5.04e+00  3.29e-01  1.80e-01  1.00e-01  6.82e-02  3.55e-02  6.26e+04  1.64e+03 -1.00e+05
2018 02 24  1650   58173  60600   3.34e+00  1.83e-01  1.42e-01  8.17e-02  7.17e-02  4.54e-02  6.26e+04  1.69e+03 -1.00e+05
2018 02 24  1655   58173  60900   3.92e+00  4.40e-01  3.92e-01  1.68e-01  1.18e-01  8.25e-02  6.26e+04  1.69e+03 -1.00e+05
2018 02 24  1700   58173  61200   3.86e+00  2.51e-01  2.10e-01  1.14e-01  1.04e-01  7.76e-02  6.53e+04  1.74e+03 -1.00e+05
2018 02 24  1705   58173  61500   3.93e+00  2.31e-01  1.90e-01  1.29e-01  8.42e-02  4.78e-02  6.52e+04  1.76e+03 -1.00e+05
2018 02 24  1710   58173  61800   3.75e+00  2.24e-01  1.83e-01  1.23e-01  1.13e-01  4.74e-02  6.53e+04  1.81e+03 -1.00e+05
2018 02 24  1715   58173  62100   4.42e+00  2.43e-01  1.92e-01  1.17e-01  8.36e-02  5.03e-02  6.53e+04  1.86e+03 -1.00e+05
2018 02 24  1720   58173  62400   5.46e+00  3.39e-01  1.89e-01  1.09e-01  6.51e-02  2.91e-02  6.53e+04  1.88e+03 -1.00e+05
2018 02 24  1725   58173  62700   3.98e+00  2.65e-01  2.24e-01  1.61e-01  9.07e-02  3.54e-02  6.53e+04  1.82e+03 -1.00e+05
2018 02 24  1730   58173  63000   3.92e+00  2.28e-01  1.87e-01  1.24e-01  6.56e-02  2.93e-02  6.52e+04  1.80e+03 -1.00e+05
2018 02 24  1735   58173  63300   3.60e+00  2.20e-01  1.78e-01  1.16e-01  6.46e-02  2.91e-02  6.50e+04  1.77e+03 -1.00e+05
2018 02 24  1740   58173  63600   3.98e+00  2.55e-01  2.13e-01  1.51e-01  9.03e-02  3.54e-02  6.47e+04  1.77e+03 -1.00e+05
2018 02 24  1745   58173  63900   4.68e+00  3.89e-01  2.89e-01  1.21e-01  6.46e-02  2.91e-02  6.47e+04  1.74e+03 -1.00e+05
2018 02 24  1750   58173  64200   5.35e+00  3.77e-01  2.31e-01  1.50e-01  1.03e-01  6.77e-02  6.50e+04  1.76e+03 -1.00e+05
2018 02 24  1755   58173  64500   3.46e+00  2.60e-01  2.18e-01  1.57e-01  1.10e-01  7.51e-02  6.30e+04  1.72e+03 -1.00e+05
2018 02 24  1800   58173  64800   5.59e+00  3.69e-01  1.74e-01  1.09e-01  7.06e-02  3.13e-02  6.26e+04  1.68e+03 -1.00e+05
2018 02 24  1805   58173  65100   3.43e+00  2.29e-01  1.87e-01  1.10e-01  6.65e-02  3.05e-02  6.25e+04  1.65e+03 -1.00e+05
2018 02 24  1810   58173  65400   3.45e+00  2.66e-01  2.17e-01  1.54e-01  1.03e-01  6.77e-02  6.21e+04  1.62e+03 -1.00e+05
2018 02 24  1815   58173  65700   6.30e+00  4.06e-01  1.66e-01  1.02e-01  7.40e-02  3.33e-02  6.22e+04  1.62e+03 -1.00e+05
2018 02 24  1820   58173  66000   3.30e+00  1.91e-01  1.50e-01  8.89e-02  6.07e-02  2.91e-02  6.22e+04  1.63e+03 -1.00e+05
2018 02 24  1825   58173  66300   4.80e+00  2.47e-01  1.47e-01  7.58e-02  5.77e-02  2.91e-02  6.22e+04  1.63e+03 -1.00e+05
2018 02 24  1830   58173  66600   5.00e+00  5.11e-01  3.62e-01  1.09e-01  6.51e-02  2.91e-02  6.26e+04  1.61e+03 -1.00e+05
2018 02 24  1835   58173  66900   3.37e+00  2.14e-01  1.73e-01  9.55e-02  6.22e-02  2.91e-02  6.07e+04  1.60e+03 -1.00e+05
2018 02 24  1840   58173  67200   6.56e+00  6.18e-01  3.01e-01  1.23e-01  7.34e-02  3.79e-02  6.20e+04  1.62e+03 -1.00e+05
2018 02 24  1845   58173  67500   3.75e+00  2.61e-01  2.20e-01  1.59e-01  1.26e-01  4.95e-02  6.19e+04  1.58e+03 -1.00e+05
2018 02 24  1850   58173  67800   2.91e+00  2.18e-01  1.77e-01  1.15e-01  6.66e-02  2.91e-02  5.99e+04  1.47e+03 -1.00e+05
2018 02 24  1855   58173  68100   2.98e+00  2.33e-01  1.91e-01  1.22e-01  9.60e-02  6.52e-02  5.99e+04  1.47e+03 -1.00e+05
2018 02 24  1900   58173  68400   2.86e+00  1.76e-01  1.34e-01  7.43e-02  6.43e-02  3.79e-02  5.96e+04  1.42e+03 -1.00e+05
2018 02 24  1905   58173  68700   3.85e+00  3.18e-01  1.69e-01  8.89e-02  6.07e-02  2.91e-02  5.84e+04  1.41e+03 -1.00e+05
2018 02 24  1910   58173  69000   2.96e+00  2.34e-01  1.93e-01  1.15e-01  6.46e-02  2.91e-02  5.87e+04  1.40e+03 -1.00e+05
2018 02 24  1915   58173  69300   2.72e+00  1.77e-01  1.36e-01  7.58e-02  5.77e-02  2.91e-02  5.78e+04  1.38e+03 -1.00e+05
2018 02 24  1920   58173  69600   2.56e+00  2.72e-01  2.31e-01  7.58e-02  5.77e-02  2.91e-02  5.74e+04  1.39e+03 -1.00e+05
2018 02 24  1925   58173  69900   2.67e+00  2.20e-01  1.79e-01  1.19e-01  1.09e-01  8.25e-02  5.76e+04  1.36e+03 -1.00e+05
2018 02 24  1930   58173  70200   2.75e+00  2.03e-01  1.62e-01  8.52e-02  6.29e-02  3.30e-02  5.77e+04  1.36e+03 -1.00e+05
2018 02 24  1935   58173  70500   3.10e+00  4.80e-01  4.39e-01  3.75e-01  2.37e-01  7.16e-02  5.73e+04  1.34e+03 -1.00e+05
2018 02 24  1940   58173  70800   2.50e+00  2.41e-01  1.92e-01  1.30e-01  9.98e-02  6.77e-02  5.73e+04  1.38e+03 -1.00e+05
2018 02 24  1945   58173  71100   2.69e+00  3.36e-01  2.94e-01  1.34e-01  1.05e-01  4.34e-02  5.87e+04  1.39e+03 -1.00e+05
2018 02 24  1950   58173  71400   2.59e+00  2.26e-01  1.85e-01  1.23e-01  7.34e-02  3.79e-02  5.73e+04  1.37e+03 -1.00e+05
2018 02 24  1955   58173  71700   5.34e+00  8.01e-01  3.52e-01  1.09e-01  6.51e-02  2.91e-02  5.73e+04  1.38e+03 -1.00e+05
2018 02 24  2000   58173  72000   2.79e+00  2.63e-01  2.21e-01  1.58e-01  9.33e-02  5.78e-02  5.95e+04  1.42e+03 -1.00e+05
2018 02 24  2005   58173  72300   3.18e+00  4.78e-01  4.37e-01  1.96e-01  1.23e-01  4.34e-02  5.96e+04  1.42e+03 -1.00e+05
2018 02 24  2010   58173  72600   2.74e+00  3.31e-01  2.90e-01  2.28e-01  1.47e-01  4.95e-02  5.74e+04  1.38e+03 -1.00e+05
2018 02 24  2015   58173  72900   2.76e+00  2.21e-01  1.80e-01  1.18e-01  6.46e-02  2.91e-02  5.82e+04  1.40e+03 -1.00e+05
2018 02 24  2020   58173  73200   5.52e+00  4.64e-01  2.02e-01  1.37e-01  8.20e-02  3.33e-02  5.99e+04  1.46e+03 -1.00e+05
2018 02 24  2025   58173  73500   3.80e+00  4.38e-01  3.30e-01  1.66e-01  1.17e-01  4.54e-02  5.94e+04  1.42e+03 -1.00e+05
2018 02 24  2030   58173  73800   2.78e+00  3.17e-01  2.75e-01  2.13e-01  1.38e-01  4.74e-02  5.99e+04  1.45e+03 -1.00e+05
2018 02 24  2035   58173  74100   2.74e+00  3.02e-01  2.60e-01  1.16e-01  7.21e-02  3.13e-02  5.90e+04  1.45e+03 -1.00e+05
2018 02 24  2040   58173  74400   2.68e+00  1.87e-01  1.46e-01  6.92e-02  5.63e-02  2.91e-02  5.88e+04  1.44e+03 -1.00e+05
2018 02 24  2045   58173  74700   2.95e+00  1.94e-01  1.53e-01  7.58e-02  5.77e-02  2.91e-02  5.98e+04  1.44e+03 -1.00e+05
2018 02 24  2050   58173  75000   3.09e+00  3.27e-01  2.76e-01  1.18e-01  6.85e-02  3.30e-02  5.73e+04  1.39e+03 -1.00e+05
2018 02 24  2055   58173  75300   2.85e+00  2.39e-01  1.87e-01  1.22e-01  6.46e-02  2.91e-02  5.73e+04  1.34e+03 -1.00e+05
2018 02 24  2100   58173  75600   3.47e+00  3.78e-01  2.45e-01  1.65e-01  9.08e-02  3.54e-02  5.73e+04  1.31e+03 -1.00e+05
2018 02 24  2105   58173  75900   2.49e+00  2.58e-01  2.16e-01  1.55e-01  9.78e-02  4.39e-02  5.73e+04  1.29e+03 -1.00e+05
2018 02 24  2110   58173  76200   2.40e+00  2.29e-01  1.88e-01  1.25e-01  6.46e-02  2.91e-02  5.73e+04  1.30e+03 -1.00e+05
2018 02 24  2115   58173  76500   2.33e+00  1.84e-01  1.42e-01  6.54e-02  5.54e-02  2.91e-02  5.73e+04  1.30e+03 -1.00e+05
2018 02 24  2120   58173  76800   3.48e+00  3.46e-01  1.97e-01  1.17e-01  7.08e-02  3.55e-02  5.73e+04  1.28e+03 -1.00e+05
2018 02 24  2125   58173  77100   2.36e+00  2.39e-01  1.97e-01  9.75e-02  8.75e-02  3.94e-02  5.73e+04  1.31e+03 -1.00e+05
2018 02 24  2130   58173  77400   2.57e+00  2.29e-01  1.88e-01  1.25e-01  6.46e-02  2.91e-02  5.73e+04  1.32e+03 -1.00e+05
2018 02 24  2135   58173  77700   2.27e+00  2.16e-01  1.75e-01  1.13e-01  6.45e-02  2.91e-02  5.72e+04  1.28e+03 -1.00e+05
2018 02 24  2140   58173  78000   2.10e+00  3.13e-01  2.72e-01  1.19e-01  7.81e-02  4.29e-02  5.73e+04  1.29e+03 -1.00e+05
2018 02 24  2145   58173  78300   2.00e+00  1.91e-01  1.50e-01  8.89e-02  6.07e-02  2.91e-02  5.55e+04  1.23e+03 -1.00e+05
2018 02 24  2150   58173  78600   3.34e+00  3.82e-01  1.84e-01  1.19e-01  7.33e-02  3.79e-02  5.46e+04  1.17e+03 -1.00e+05
2018 02 24  2155   58173  78900   3.28e+00  3.56e-01  2.13e-01  1.35e-01  1.25e-01  5.15e-02  5.46e+04  1.13e+03 -1.00e+05
2018 02 24  2200   58173  79200   2.13e+00  2.31e-01  1.90e-01  1.28e-01  7.99e-02  3.33e-02  5.46e+04  1.15e+03 -1.00e+05
2018 02 24  2205   58173  79500   2.91e+00  3.52e-01  2.03e-01  1.21e-01  6.46e-02  2.91e-02  5.46e+04  1.18e+03 -1.00e+05
2018 02 24  2210   58173  79800   2.72e+00  2.81e-01  1.81e-01  1.09e-01  6.51e-02  2.91e-02  5.43e+04  1.13e+03 -1.00e+05
2018 02 24  2215   58173  80100   2.21e+00  4.16e-01  3.75e-01  1.51e-01  1.26e-01  5.97e-02  5.22e+04  1.12e+03 -1.00e+05
2018 02 24  2220   58173  80400   2.79e+00  3.22e-01  2.24e-01  1.52e-01  1.01e-01  6.52e-02  5.16e+04  1.06e+03 -1.00e+05
2018 02 24  2225   58173  80700   2.40e+00  2.35e-01  1.94e-01  1.32e-01  8.57e-02  5.03e-02  4.93e+04  1.00e+03 -1.00e+05
2018 02 24  2230   58173  81000   2.42e+00  3.17e-01  2.76e-01  1.22e-01  7.49e-02  3.79e-02  4.93e+04  9.93e+02 -1.00e+05
2018 02 24  2235   58173  81300   2.10e+00  1.84e-01  1.42e-01  6.54e-02  5.54e-02  2.91e-02  4.91e+04  9.52e+02 -1.00e+05
2018 02 24  2240   58173  81600   1.93e+00  1.89e-01  1.47e-01  8.70e-02  6.52e-02  3.55e-02  4.69e+04  9.21e+02 -1.00e+05
2018 02 24  2245   58173  81900   3.34e+00  4.02e-01  2.06e-01  1.18e-01  9.14e-02  6.02e-02  4.91e+04  9.33e+02 -1.00e+05
2018 02 24  2250   58173  82200   2.29e+00  3.27e-01  2.86e-01  2.23e-01  1.32e-01  5.01e-02  4.89e+04  9.40e+02 -1.00e+05
2018 02 24  2255   58173  82500   2.98e+00  4.84e-01  3.35e-01  8.24e-02  5.92e-02  2.91e-02  4.83e+04  9.44e+02 -1.00e+05
2018 02 24  2300   58173  82800   2.23e+00  2.20e-01  1.78e-01  1.16e-01  6.46e-02  2.91e-02  4.74e+04  9.27e+02 -1.00e+05
2018 02 24  2305   58173  83100   3.29e+00  5.23e-01  3.23e-01  2.32e-01  1.47e-01  5.42e-02  4.79e+04  9.10e+02 -1.00e+05
2018 02 24  2310   58173  83400   2.57e+00  4.65e-01  3.64e-01  1.20e-01  6.85e-02  3.30e-02  4.70e+04  9.29e+02 -1.00e+05
2018 02 24  2315   58173  83700   2.74e+00  3.69e-01  2.69e-01  1.02e-01  6.36e-02  2.91e-02  4.77e+04  9.25e+02 -1.00e+05
2018 02 24  2320   58173  84000   2.49e+00  2.47e-01  1.95e-01  1.15e-01  6.66e-02  2.91e-02  4.66e+04  8.77e+02 -1.00e+05
2018 02 24  2325   58173  84300   1.95e+00  1.74e-01  1.32e-01  7.24e-02  6.24e-02  3.13e-02  4.66e+04  8.72e+02 -1.00e+05
2018 02 24  2330   58173  84600   2.16e+00  2.14e-01  1.72e-01  1.11e-01  6.45e-02  2.91e-02  4.66e+04  8.59e+02 -1.00e+05
2018 02 24  2335   58173  84900   3.02e+00  3.45e-01  1.96e-01  1.15e-01  6.46e-02  2.91e-02  4.66e+04  8.40e+02 -1.00e+05
2018 02 24  2340   58173  85200   2.15e+00  2.32e-01  1.91e-01  1.28e-01  7.10e-02  3.55e-02  4.66e+04  8.46e+02 -1.00e+05
2018 02 24  2345   58173  85500   2.15e+00  2.28e-01  1.86e-01  1.24e-01  6.46e-02  2.91e-02  4.62e+04  8.14e+02 -1.00e+05
2018 02 24  2350   58173  85800   1.98e+00  2.16e-01  1.74e-01  1.13e-01  6.45e-02  2.91e-02  4.40e+04  8.00e+02 -1.00e+05
2018 02 24  2355   58173  86100   2.34e+00  2.54e-01  2.04e-01  1.41e-01  9.08e-02  5.53e-02  4.40e+04  7.92e+02 -1.00e+05
